-5473,1232
-5472,1230
-5472,1231
-5472,1232
-5471,1229
-5471,1230
-5471,1231
-5471,1232
-5470,1227
-5470,1228
-5470,1229
-5470,1230
-5470,1231
-5470,1232
-5469,1225
-5469,1226
-5469,1227
-5469,1228
-5469,1229
-5469,1230
-5469,1231
-5469,1232
-5468,1223
-5468,1224
-5468,1225
-5468,1226
-5468,1227
-5468,1228
-5468,1229
-5468,1230
-5468,1231
-5468,1232
-5467,1222
-5467,1223
-5467,1224
-5467,1225
-5467,1226
-5467,1227
-5467,1228
-5467,1229
-5467,1230
-5467,1231
-5467,1232
-5466,1220
-5466,1221
-5466,1222
-5466,1223
-5466,1224
-5466,1225
-5466,1226
-5466,1227
-5466,1228
-5466,1229
-5466,1230
-5466,1231
-5466,1232
-5465,1218
-5465,1219
-5465,1220
-5465,1221
-5465,1222
-5465,1223
-5465,1224
-5465,1225
-5465,1226
-5465,1227
-5465,1228
-5465,1229
-5465,1230
-5465,1231
-5465,1232
-5464,1216
-5464,1217
-5464,1218
-5464,1219
-5464,1220
-5464,1221
-5464,1222
-5464,1223
-5464,1224
-5464,1225
-5464,1226
-5464,1227
-5464,1228
-5464,1229
-5464,1230
-5464,1231
-5463,1215
-5463,1216
-5463,1217
-5463,1218
-5463,1219
-5463,1220
-5463,1221
-5463,1222
-5463,1223
-5463,1224
-5463,1225
-5463,1226
-5463,1227
-5463,1228
-5463,1229
-5463,1230
-5463,1231
-5462,1213
-5462,1214
-5462,1215
-5462,1216
-5462,1217
-5462,1218
-5462,1219
-5462,1220
-5462,1221
-5462,1222
-5462,1223
-5462,1224
-5462,1225
-5462,1226
-5462,1227
-5462,1228
-5462,1229
-5462,1230
-5462,1231
-5461,1211
-5461,1212
-5461,1213
-5461,1214
-5461,1215
-5461,1216
-5461,1217
-5461,1218
-5461,1219
-5461,1220
-5461,1221
-5461,1222
-5461,1223
-5461,1224
-5461,1225
-5461,1226
-5461,1227
-5461,1228
-5461,1229
-5461,1230
-5461,1231
-5460,1210
-5460,1211
-5460,1212
-5460,1213
-5460,1214
-5460,1215
-5460,1216
-5460,1217
-5460,1218
-5460,1219
-5460,1220
-5460,1221
-5460,1222
-5460,1223
-5460,1224
-5460,1225
-5460,1226
-5460,1227
-5460,1228
-5460,1229
-5460,1230
-5460,1231
-5459,1208
-5459,1209
-5459,1210
-5459,1211
-5459,1212
-5459,1213
-5459,1214
-5459,1215
-5459,1216
-5459,1217
-5459,1218
-5459,1219
-5459,1220
-5459,1221
-5459,1222
-5459,1223
-5459,1224
-5459,1225
-5459,1226
-5459,1227
-5459,1228
-5459,1229
-5459,1230
-5459,1231
-5458,1207
-5458,1208
-5458,1209
-5458,1210
-5458,1211
-5458,1212
-5458,1213
-5458,1214
-5458,1215
-5458,1216
-5458,1217
-5458,1218
-5458,1219
-5458,1220
-5458,1221
-5458,1222
-5458,1223
-5458,1224
-5458,1225
-5458,1226
-5458,1227
-5458,1228
-5458,1229
-5458,1230
-5458,1231
-5457,1207
-5457,1208
-5457,1209
-5457,1210
-5457,1211
-5457,1212
-5457,1213
-5457,1214
-5457,1215
-5457,1216
-5457,1217
-5457,1218
-5457,1219
-5457,1220
-5457,1221
-5457,1222
-5457,1223
-5457,1224
-5457,1225
-5457,1226
-5457,1227
-5457,1228
-5457,1229
-5457,1230
-5457,1231
-5456,1207
-5456,1208
-5456,1209
-5456,1210
-5456,1211
-5456,1212
-5456,1213
-5456,1214
-5456,1215
-5456,1216
-5456,1217
-5456,1218
-5456,1219
-5456,1220
-5456,1221
-5456,1222
-5456,1223
-5456,1224
-5456,1225
-5456,1226
-5456,1227
-5456,1228
-5456,1229
-5456,1230
-5456,1231
-5455,1207
-5455,1208
-5455,1209
-5455,1210
-5455,1211
-5455,1212
-5455,1213
-5455,1214
-5455,1215
-5455,1216
-5455,1217
-5455,1218
-5455,1219
-5455,1220
-5455,1221
-5455,1222
-5455,1223
-5455,1224
-5455,1225
-5455,1226
-5455,1227
-5455,1228
-5455,1229
-5455,1230
-5455,1231
-5454,1208
-5454,1209
-5454,1210
-5454,1211
-5454,1212
-5454,1213
-5454,1214
-5454,1215
-5454,1216
-5454,1217
-5454,1218
-5454,1219
-5454,1220
-5454,1221
-5454,1222
-5454,1223
-5454,1224
-5454,1225
-5454,1226
-5454,1227
-5454,1228
-5454,1229
-5454,1230
-5454,1231
-5453,1208
-5453,1209
-5453,1210
-5453,1211
-5453,1212
-5453,1213
-5453,1214
-5453,1215
-5453,1216
-5453,1217
-5453,1218
-5453,1219
-5453,1220
-5453,1221
-5453,1222
-5453,1223
-5453,1224
-5453,1225
-5453,1226
-5453,1227
-5453,1228
-5453,1229
-5453,1230
-5453,1231
-5452,1208
-5452,1209
-5452,1210
-5452,1211
-5452,1212
-5452,1213
-5452,1214
-5452,1215
-5452,1216
-5452,1217
-5452,1218
-5452,1219
-5452,1220
-5452,1221
-5452,1222
-5452,1223
-5452,1224
-5452,1225
-5452,1226
-5452,1227
-5452,1228
-5452,1229
-5452,1230
-5452,1231
-5451,1208
-5451,1209
-5451,1210
-5451,1211
-5451,1212
-5451,1213
-5451,1214
-5451,1215
-5451,1216
-5451,1217
-5451,1218
-5451,1219
-5451,1220
-5451,1221
-5451,1222
-5451,1223
-5451,1224
-5451,1225
-5451,1226
-5451,1227
-5451,1228
-5451,1229
-5451,1230
-5451,1231
-5450,1208
-5450,1209
-5450,1210
-5450,1211
-5450,1212
-5450,1213
-5450,1214
-5450,1215
-5450,1216
-5450,1217
-5450,1218
-5450,1219
-5450,1220
-5450,1221
-5450,1222
-5450,1223
-5450,1224
-5450,1225
-5450,1226
-5450,1227
-5450,1228
-5450,1229
-5450,1230
-5450,1231
-5449,1208
-5449,1209
-5449,1210
-5449,1211
-5449,1212
-5449,1213
-5449,1214
-5449,1215
-5449,1216
-5449,1217
-5449,1218
-5449,1219
-5449,1220
-5449,1221
-5449,1222
-5449,1223
-5449,1224
-5449,1225
-5449,1226
-5449,1227
-5449,1228
-5449,1229
-5449,1230
-5448,1208
-5448,1209
-5448,1210
-5448,1211
-5448,1212
-5448,1213
-5448,1214
-5448,1215
-5448,1216
-5448,1217
-5448,1218
-5448,1219
-5448,1220
-5448,1221
-5448,1222
-5448,1223
-5448,1224
-5448,1225
-5448,1226
-5448,1227
-5448,1228
-5448,1229
-5448,1230
-5447,1208
-5447,1209
-5447,1210
-5447,1211
-5447,1212
-5447,1213
-5447,1214
-5447,1215
-5447,1216
-5447,1217
-5447,1218
-5447,1219
-5447,1220
-5447,1221
-5447,1222
-5447,1223
-5447,1224
-5447,1225
-5447,1226
-5447,1227
-5447,1228
-5447,1229
-5447,1230
-5446,1208
-5446,1209
-5446,1210
-5446,1211
-5446,1212
-5446,1213
-5446,1214
-5446,1215
-5446,1216
-5446,1217
-5446,1218
-5446,1219
-5446,1220
-5446,1221
-5446,1222
-5446,1223
-5446,1224
-5446,1225
-5446,1226
-5446,1227
-5446,1228
-5446,1229
-5446,1230
-5445,1209
-5445,1210
-5445,1211
-5445,1212
-5445,1213
-5445,1214
-5445,1215
-5445,1216
-5445,1217
-5445,1218
-5445,1219
-5445,1220
-5445,1221
-5445,1222
-5445,1223
-5445,1224
-5445,1225
-5445,1226
-5445,1227
-5445,1228
-5445,1229
-5445,1230
-5444,1209
-5444,1210
-5444,1211
-5444,1212
-5444,1213
-5444,1214
-5444,1215
-5444,1216
-5444,1217
-5444,1218
-5444,1219
-5444,1220
-5444,1221
-5444,1222
-5444,1223
-5444,1224
-5444,1225
-5444,1226
-5444,1227
-5444,1228
-5444,1229
-5444,1230
-5443,1209
-5443,1210
-5443,1211
-5443,1212
-5443,1213
-5443,1214
-5443,1215
-5443,1216
-5443,1217
-5443,1218
-5443,1219
-5443,1220
-5443,1221
-5443,1222
-5443,1223
-5443,1224
-5443,1225
-5443,1226
-5443,1227
-5443,1228
-5443,1229
-5443,1230
-5442,1209
-5442,1210
-5442,1211
-5442,1212
-5442,1213
-5442,1214
-5442,1215
-5442,1216
-5442,1217
-5442,1218
-5442,1219
-5442,1220
-5442,1221
-5442,1222
-5442,1223
-5442,1224
-5442,1225
-5442,1226
-5442,1227
-5442,1228
-5442,1229
-5442,1230
-5441,1209
-5441,1210
-5441,1211
-5441,1212
-5441,1213
-5441,1214
-5441,1215
-5441,1216
-5441,1217
-5441,1218
-5441,1219
-5441,1220
-5441,1221
-5441,1222
-5441,1223
-5441,1224
-5441,1225
-5441,1226
-5441,1227
-5441,1228
-5441,1229
-5441,1230
-5440,1209
-5440,1210
-5440,1211
-5440,1212
-5440,1213
-5440,1214
-5440,1215
-5440,1216
-5440,1217
-5440,1218
-5440,1219
-5440,1220
-5440,1221
-5440,1222
-5440,1223
-5440,1224
-5440,1225
-5440,1226
-5440,1227
-5440,1228
-5440,1229
-5440,1230
-5439,1209
-5439,1210
-5439,1211
-5439,1212
-5439,1213
-5439,1214
-5439,1215
-5439,1216
-5439,1217
-5439,1218
-5439,1219
-5439,1220
-5439,1221
-5439,1222
-5439,1223
-5439,1224
-5439,1225
-5439,1226
-5439,1227
-5439,1228
-5439,1229
-5439,1230
-5438,1209
-5438,1210
-5438,1211
-5438,1212
-5438,1213
-5438,1214
-5438,1215
-5438,1216
-5438,1217
-5438,1218
-5438,1219
-5438,1220
-5438,1221
-5438,1222
-5438,1223
-5438,1224
-5438,1225
-5438,1226
-5438,1227
-5438,1228
-5438,1229
-5438,1230
-5437,1209
-5437,1210
-5437,1211
-5437,1212
-5437,1213
-5437,1214
-5437,1215
-5437,1216
-5437,1217
-5437,1218
-5437,1219
-5437,1220
-5437,1221
-5437,1222
-5437,1223
-5437,1224
-5437,1225
-5437,1226
-5437,1227
-5437,1228
-5437,1229
-5437,1230
-5436,1209
-5436,1210
-5436,1211
-5436,1212
-5436,1213
-5436,1214
-5436,1215
-5436,1216
-5436,1217
-5436,1218
-5436,1219
-5436,1220
-5436,1221
-5436,1222
-5436,1223
-5436,1224
-5436,1225
-5436,1226
-5436,1227
-5436,1228
-5436,1229
-5436,1230
-5435,1209
-5435,1210
-5435,1211
-5435,1212
-5435,1213
-5435,1214
-5435,1215
-5435,1216
-5435,1217
-5435,1218
-5435,1219
-5435,1220
-5435,1221
-5435,1222
-5435,1223
-5435,1224
-5435,1225
-5435,1226
-5435,1227
-5435,1228
-5435,1229
-5435,1230
-5434,1209
-5434,1210
-5434,1211
-5434,1212
-5434,1213
-5434,1214
-5434,1215
-5434,1216
-5434,1217
-5434,1218
-5434,1219
-5434,1220
-5434,1221
-5434,1222
-5434,1223
-5434,1224
-5434,1225
-5434,1226
-5434,1227
-5434,1228
-5434,1229
-5434,1230
-5433,1209
-5433,1210
-5433,1211
-5433,1212
-5433,1213
-5433,1214
-5433,1215
-5433,1216
-5433,1217
-5433,1218
-5433,1219
-5433,1220
-5433,1221
-5433,1222
-5433,1223
-5433,1224
-5433,1225
-5433,1226
-5433,1227
-5433,1228
-5433,1229
-5433,1230
-5432,1210
-5432,1211
-5432,1212
-5432,1213
-5432,1214
-5432,1215
-5432,1216
-5432,1217
-5432,1218
-5432,1219
-5432,1220
-5432,1221
-5432,1222
-5432,1223
-5432,1224
-5432,1225
-5432,1226
-5432,1227
-5432,1228
-5432,1229
-5432,1230
-5431,1210
-5431,1211
-5431,1212
-5431,1213
-5431,1214
-5431,1215
-5431,1216
-5431,1217
-5431,1218
-5431,1219
-5431,1220
-5431,1221
-5431,1222
-5431,1223
-5431,1224
-5431,1225
-5431,1226
-5431,1227
-5431,1228
-5431,1229
-5431,1230
-5430,1210
-5430,1211
-5430,1212
-5430,1213
-5430,1214
-5430,1215
-5430,1216
-5430,1217
-5430,1218
-5430,1219
-5430,1220
-5430,1221
-5430,1222
-5430,1223
-5430,1224
-5430,1225
-5430,1226
-5430,1227
-5430,1228
-5430,1229
-5429,1210
-5429,1211
-5429,1212
-5429,1213
-5429,1214
-5429,1215
-5429,1216
-5429,1217
-5429,1218
-5429,1219
-5429,1220
-5429,1221
-5429,1222
-5429,1223
-5429,1224
-5429,1225
-5429,1226
-5429,1227
-5429,1228
-5429,1229
-5428,1210
-5428,1211
-5428,1212
-5428,1213
-5428,1214
-5428,1215
-5428,1216
-5428,1217
-5428,1218
-5428,1219
-5428,1220
-5428,1221
-5428,1222
-5428,1223
-5428,1224
-5428,1225
-5428,1226
-5428,1227
-5428,1228
-5428,1229
-5427,1210
-5427,1211
-5427,1212
-5427,1213
-5427,1214
-5427,1215
-5427,1216
-5427,1217
-5427,1218
-5427,1219
-5427,1220
-5427,1221
-5427,1222
-5427,1223
-5427,1224
-5427,1225
-5427,1226
-5427,1227
-5427,1228
-5427,1229
-5426,1210
-5426,1211
-5426,1212
-5426,1213
-5426,1214
-5426,1215
-5426,1216
-5426,1217
-5426,1218
-5426,1219
-5426,1220
-5426,1221
-5426,1222
-5426,1223
-5426,1224
-5426,1225
-5426,1226
-5426,1227
-5426,1228
-5426,1229
-5425,1210
-5425,1211
-5425,1212
-5425,1213
-5425,1214
-5425,1215
-5425,1216
-5425,1217
-5425,1218
-5425,1219
-5425,1220
-5425,1221
-5425,1222
-5425,1223
-5425,1224
-5425,1225
-5425,1226
-5425,1227
-5425,1228
-5425,1229
-5424,1210
-5424,1211
-5424,1212
-5424,1213
-5424,1214
-5424,1215
-5424,1216
-5424,1217
-5424,1218
-5424,1219
-5424,1220
-5424,1221
-5424,1222
-5424,1223
-5424,1224
-5424,1225
-5424,1226
-5424,1227
-5424,1228
-5424,1229
-5423,1211
-5423,1212
-5423,1213
-5423,1214
-5423,1215
-5423,1216
-5423,1217
-5423,1218
-5423,1219
-5423,1220
-5423,1221
-5423,1222
-5423,1223
-5423,1224
-5423,1225
-5423,1226
-5423,1227
-5423,1228
-5423,1229
-5422,1211
-5422,1212
-5422,1213
-5422,1214
-5422,1215
-5422,1216
-5422,1217
-5422,1218
-5422,1219
-5422,1220
-5422,1221
-5422,1222
-5422,1223
-5422,1224
-5422,1225
-5422,1226
-5422,1227
-5422,1228
-5422,1229
-5421,1211
-5421,1212
-5421,1213
-5421,1214
-5421,1215
-5421,1216
-5421,1217
-5421,1218
-5421,1219
-5421,1220
-5421,1221
-5421,1222
-5421,1223
-5421,1224
-5421,1225
-5421,1226
-5421,1227
-5421,1228
-5421,1229
-5420,1211
-5420,1212
-5420,1213
-5420,1214
-5420,1215
-5420,1216
-5420,1217
-5420,1218
-5420,1219
-5420,1220
-5420,1221
-5420,1222
-5420,1223
-5420,1224
-5420,1225
-5420,1226
-5420,1227
-5420,1228
-5420,1229
-5419,1211
-5419,1212
-5419,1213
-5419,1214
-5419,1215
-5419,1216
-5419,1217
-5419,1218
-5419,1219
-5419,1220
-5419,1221
-5419,1222
-5419,1223
-5419,1224
-5419,1225
-5419,1226
-5419,1227
-5419,1228
-5419,1229
-5418,1211
-5418,1212
-5418,1213
-5418,1214
-5418,1215
-5418,1216
-5418,1217
-5418,1218
-5418,1219
-5418,1220
-5418,1221
-5418,1222
-5418,1223
-5418,1224
-5418,1225
-5418,1226
-5418,1227
-5418,1228
-5418,1229
-5417,1211
-5417,1212
-5417,1213
-5417,1214
-5417,1215
-5417,1216
-5417,1217
-5417,1218
-5417,1219
-5417,1220
-5417,1221
-5417,1222
-5417,1223
-5417,1224
-5417,1225
-5417,1226
-5417,1227
-5417,1228
-5417,1229
-5416,1211
-5416,1212
-5416,1213
-5416,1214
-5416,1215
-5416,1216
-5416,1217
-5416,1218
-5416,1219
-5416,1220
-5416,1221
-5416,1222
-5416,1223
-5416,1224
-5416,1225
-5416,1226
-5416,1227
-5416,1228
-5415,1211
-5415,1212
-5415,1213
-5415,1214
-5415,1215
-5415,1216
-5415,1217
-5415,1218
-5415,1219
-5415,1220
-5415,1221
-5415,1222
-5415,1223
-5415,1224
-5415,1225
-5415,1226
-5415,1227
-5415,1228
-5414,1211
-5414,1212
-5414,1213
-5414,1214
-5414,1215
-5414,1216
-5414,1217
-5414,1218
-5414,1219
-5414,1220
-5414,1221
-5414,1222
-5414,1223
-5414,1224
-5414,1225
-5414,1226
-5414,1227
-5414,1228
-5413,1211
-5413,1212
-5413,1213
-5413,1214
-5413,1215
-5413,1216
-5413,1217
-5413,1218
-5413,1219
-5413,1220
-5413,1221
-5413,1222
-5413,1223
-5413,1224
-5413,1225
-5413,1226
-5413,1227
-5413,1228
-5412,1211
-5412,1212
-5412,1213
-5412,1214
-5412,1215
-5412,1216
-5412,1217
-5412,1218
-5412,1219
-5412,1220
-5412,1221
-5412,1222
-5412,1223
-5412,1224
-5412,1225
-5412,1226
-5412,1227
-5412,1228
-5411,1211
-5411,1212
-5411,1213
-5411,1214
-5411,1215
-5411,1216
-5411,1217
-5411,1218
-5411,1219
-5411,1220
-5411,1221
-5411,1222
-5411,1223
-5411,1224
-5411,1225
-5411,1226
-5411,1227
-5411,1228
-5410,1212
-5410,1213
-5410,1214
-5410,1215
-5410,1216
-5410,1217
-5410,1218
-5410,1219
-5410,1220
-5410,1221
-5410,1222
-5410,1223
-5410,1224
-5410,1225
-5410,1226
-5410,1227
-5410,1228
-5409,1212
-5409,1213
-5409,1214
-5409,1215
-5409,1216
-5409,1217
-5409,1218
-5409,1219
-5409,1220
-5409,1221
-5409,1222
-5409,1223
-5409,1224
-5409,1225
-5409,1226
-5409,1227
-5409,1228
-5408,1212
-5408,1213
-5408,1214
-5408,1215
-5408,1216
-5408,1217
-5408,1218
-5408,1219
-5408,1220
-5408,1221
-5408,1222
-5408,1223
-5408,1224
-5408,1225
-5408,1226
-5408,1227
-5408,1228
-5407,1212
-5407,1213
-5407,1214
-5407,1215
-5407,1216
-5407,1217
-5407,1218
-5407,1219
-5407,1220
-5407,1221
-5407,1222
-5407,1223
-5407,1224
-5407,1225
-5407,1226
-5407,1227
-5407,1228
-5406,1212
-5406,1213
-5406,1214
-5406,1215
-5406,1216
-5406,1217
-5406,1218
-5406,1219
-5406,1220
-5406,1221
-5406,1222
-5406,1223
-5406,1224
-5406,1225
-5406,1226
-5406,1227
-5406,1228
-5405,1212
-5405,1213
-5405,1214
-5405,1215
-5405,1216
-5405,1217
-5405,1218
-5405,1219
-5405,1220
-5405,1221
-5405,1222
-5405,1223
-5405,1224
-5405,1225
-5405,1226
-5405,1227
-5405,1228
-5404,1212
-5404,1213
-5404,1214
-5404,1215
-5404,1216
-5404,1217
-5404,1218
-5404,1219
-5404,1220
-5404,1221
-5404,1222
-5404,1223
-5404,1224
-5404,1225
-5404,1226
-5404,1227
-5404,1228
-5403,1212
-5403,1213
-5403,1214
-5403,1215
-5403,1216
-5403,1217
-5403,1218
-5403,1219
-5403,1220
-5403,1221
-5403,1222
-5403,1223
-5403,1224
-5403,1225
-5403,1226
-5403,1227
-5403,1228
-5402,1212
-5402,1213
-5402,1214
-5402,1215
-5402,1216
-5402,1217
-5402,1218
-5402,1219
-5402,1220
-5402,1221
-5402,1222
-5402,1223
-5402,1224
-5402,1225
-5402,1226
-5402,1227
-5402,1228
-5401,1213
-5401,1214
-5401,1215
-5401,1216
-5401,1217
-5401,1218
-5401,1219
-5401,1220
-5401,1221
-5401,1222
-5401,1223
-5401,1224
-5401,1225
-5401,1226
-5401,1227
-5401,1228
-5400,1213
-5400,1214
-5400,1215
-5400,1216
-5400,1217
-5400,1218
-5400,1219
-5400,1220
-5400,1221
-5400,1222
-5400,1223
-5400,1224
-5400,1225
-5400,1226
-5400,1227
-5400,1228
-5399,1213
-5399,1214
-5399,1215
-5399,1216
-5399,1217
-5399,1218
-5399,1219
-5399,1220
-5399,1221
-5399,1222
-5399,1223
-5399,1224
-5399,1225
-5399,1226
-5399,1227
-5399,1228
-5398,1213
-5398,1214
-5398,1215
-5398,1216
-5398,1217
-5398,1218
-5398,1219
-5398,1220
-5398,1221
-5398,1222
-5398,1223
-5398,1224
-5398,1225
-5398,1226
-5398,1227
-5398,1228
-5397,1213
-5397,1214
-5397,1215
-5397,1216
-5397,1217
-5397,1218
-5397,1219
-5397,1220
-5397,1221
-5397,1222
-5397,1223
-5397,1224
-5397,1225
-5397,1226
-5397,1227
-5396,1213
-5396,1214
-5396,1215
-5396,1216
-5396,1217
-5396,1218
-5396,1219
-5396,1220
-5396,1221
-5396,1222
-5396,1223
-5396,1224
-5396,1225
-5396,1226
-5396,1227
-5395,1213
-5395,1214
-5395,1215
-5395,1216
-5395,1217
-5395,1218
-5395,1219
-5395,1220
-5395,1221
-5395,1222
-5395,1223
-5395,1224
-5395,1225
-5395,1226
-5395,1227
-5394,1213
-5394,1214
-5394,1215
-5394,1216
-5394,1217
-5394,1218
-5394,1219
-5394,1220
-5394,1221
-5394,1222
-5394,1223
-5394,1224
-5394,1225
-5394,1226
-5394,1227
-5393,1213
-5393,1214
-5393,1215
-5393,1216
-5393,1217
-5393,1218
-5393,1219
-5393,1220
-5393,1221
-5393,1222
-5393,1223
-5393,1224
-5393,1225
-5393,1226
-5393,1227
-5392,1213
-5392,1214
-5392,1215
-5392,1216
-5392,1217
-5392,1218
-5392,1219
-5392,1220
-5392,1221
-5392,1222
-5392,1223
-5392,1224
-5392,1225
-5392,1226
-5392,1227
-5391,1213
-5391,1214
-5391,1215
-5391,1216
-5391,1217
-5391,1218
-5391,1219
-5391,1220
-5391,1221
-5391,1222
-5391,1223
-5391,1224
-5391,1225
-5391,1226
-5391,1227
-5390,1213
-5390,1214
-5390,1215
-5390,1216
-5390,1217
-5390,1218
-5390,1219
-5390,1220
-5390,1221
-5390,1222
-5390,1223
-5390,1224
-5390,1225
-5390,1226
-5390,1227
-5389,1214
-5389,1215
-5389,1216
-5389,1217
-5389,1218
-5389,1219
-5389,1220
-5389,1221
-5389,1222
-5389,1223
-5389,1224
-5389,1225
-5389,1226
-5389,1227
-5388,1214
-5388,1215
-5388,1216
-5388,1217
-5388,1218
-5388,1219
-5388,1220
-5388,1221
-5388,1222
-5388,1223
-5388,1224
-5388,1225
-5388,1226
-5388,1227
-5387,1214
-5387,1215
-5387,1216
-5387,1217
-5387,1218
-5387,1219
-5387,1220
-5387,1221
-5387,1222
-5387,1223
-5387,1224
-5387,1225
-5387,1226
-5387,1227
-5386,1214
-5386,1215
-5386,1216
-5386,1217
-5386,1218
-5386,1219
-5386,1220
-5386,1221
-5386,1222
-5386,1223
-5386,1224
-5386,1225
-5386,1226
-5386,1227
-5385,1214
-5385,1215
-5385,1216
-5385,1217
-5385,1218
-5385,1219
-5385,1220
-5385,1221
-5385,1222
-5385,1223
-5385,1224
-5385,1225
-5385,1226
-5385,1227
-5384,1214
-5384,1215
-5384,1216
-5384,1217
-5384,1218
-5384,1219
-5384,1220
-5384,1221
-5384,1222
-5384,1223
-5384,1224
-5384,1225
-5384,1226
-5384,1227
-5383,1214
-5383,1215
-5383,1216
-5383,1217
-5383,1218
-5383,1219
-5383,1220
-5383,1221
-5383,1222
-5383,1223
-5383,1224
-5383,1225
-5383,1226
-5383,1227
-5382,1214
-5382,1215
-5382,1216
-5382,1217
-5382,1218
-5382,1219
-5382,1220
-5382,1221
-5382,1222
-5382,1223
-5382,1224
-5382,1225
-5382,1226
-5381,1214
-5381,1215
-5381,1216
-5381,1217
-5381,1218
-5381,1219
-5381,1220
-5381,1221
-5381,1222
-5381,1223
-5381,1224
-5381,1225
-5381,1226
-5380,1214
-5380,1215
-5380,1216
-5380,1217
-5380,1218
-5380,1219
-5380,1220
-5380,1221
-5380,1222
-5380,1223
-5380,1224
-5380,1225
-5380,1226
-5379,1215
-5379,1216
-5379,1217
-5379,1218
-5379,1219
-5379,1220
-5379,1221
-5379,1222
-5379,1223
-5379,1224
-5379,1225
-5379,1226
-5378,1215
-5378,1216
-5378,1217
-5378,1218
-5378,1219
-5378,1220
-5378,1221
-5378,1222
-5378,1223
-5378,1224
-5378,1225
-5378,1226
-5377,1215
-5377,1216
-5377,1217
-5377,1218
-5377,1219
-5377,1220
-5377,1221
-5377,1222
-5377,1223
-5377,1224
-5377,1225
-5377,1226
-5376,1215
-5376,1216
-5376,1217
-5376,1218
-5376,1219
-5376,1220
-5376,1221
-5376,1222
-5376,1223
-5376,1224
-5376,1225
-5376,1226
-5375,1215
-5375,1216
-5375,1217
-5375,1218
-5375,1219
-5375,1220
-5375,1221
-5375,1222
-5375,1223
-5375,1224
-5375,1225
-5375,1226
-5374,1215
-5374,1216
-5374,1217
-5374,1218
-5374,1219
-5374,1220
-5374,1221
-5374,1222
-5374,1223
-5374,1224
-5374,1225
-5374,1226
-5373,1215
-5373,1216
-5373,1217
-5373,1218
-5373,1219
-5373,1220
-5373,1221
-5373,1222
-5373,1223
-5373,1224
-5373,1225
-5373,1226
-5372,1215
-5372,1216
-5372,1217
-5372,1218
-5372,1219
-5372,1220
-5372,1221
-5372,1222
-5372,1223
-5372,1224
-5372,1225
-5372,1226
-5371,1215
-5371,1216
-5371,1217
-5371,1218
-5371,1219
-5371,1220
-5371,1221
-5371,1222
-5371,1223
-5371,1224
-5371,1225
-5371,1226
-5370,1216
-5370,1217
-5370,1218
-5370,1219
-5370,1220
-5370,1221
-5370,1222
-5370,1223
-5370,1224
-5370,1225
-5370,1226
-5369,1216
-5369,1217
-5369,1218
-5369,1219
-5369,1220
-5369,1221
-5369,1222
-5369,1223
-5369,1224
-5369,1225
-5369,1226
-5368,1216
-5368,1217
-5368,1218
-5368,1219
-5368,1220
-5368,1221
-5368,1222
-5368,1223
-5368,1224
-5368,1225
-5368,1226
-5367,1216
-5367,1217
-5367,1218
-5367,1219
-5367,1220
-5367,1221
-5367,1222
-5367,1223
-5367,1224
-5367,1225
-5367,1226
-5366,1216
-5366,1217
-5366,1218
-5366,1219
-5366,1220
-5366,1221
-5366,1222
-5366,1223
-5366,1224
-5366,1225
-5366,1226
-5365,1216
-5365,1217
-5365,1218
-5365,1219
-5365,1220
-5365,1221
-5365,1222
-5365,1223
-5365,1224
-5365,1225
-5365,1226
-5364,1216
-5364,1217
-5364,1218
-5364,1219
-5364,1220
-5364,1221
-5364,1222
-5364,1223
-5364,1224
-5364,1225
-5364,1226
-5363,1216
-5363,1217
-5363,1218
-5363,1219
-5363,1220
-5363,1221
-5363,1222
-5363,1223
-5363,1224
-5363,1225
-5362,1216
-5362,1217
-5362,1218
-5362,1219
-5362,1220
-5362,1221
-5362,1222
-5362,1223
-5362,1224
-5362,1225
-5361,1216
-5361,1217
-5361,1218
-5361,1219
-5361,1220
-5361,1221
-5361,1222
-5361,1223
-5361,1224
-5361,1225
-5360,1216
-5360,1217
-5360,1218
-5360,1219
-5360,1220
-5360,1221
-5360,1222
-5360,1223
-5360,1224
-5360,1225
-5359,1216
-5359,1217
-5359,1218
-5359,1219
-5359,1220
-5359,1221
-5359,1222
-5359,1223
-5359,1224
-5359,1225
-5358,1216
-5358,1217
-5358,1218
-5358,1219
-5358,1220
-5358,1221
-5358,1222
-5358,1223
-5358,1224
-5358,1225
-5357,1217
-5357,1218
-5357,1219
-5357,1220
-5357,1221
-5357,1222
-5357,1223
-5357,1224
-5357,1225
-5356,1217
-5356,1218
-5356,1219
-5356,1220
-5356,1221
-5356,1222
-5356,1223
-5356,1224
-5356,1225
-5355,1217
-5355,1218
-5355,1219
-5355,1220
-5355,1221
-5355,1222
-5355,1223
-5355,1224
-5355,1225
-5354,1217
-5354,1218
-5354,1219
-5354,1220
-5354,1221
-5354,1222
-5354,1223
-5354,1224
-5354,1225
-5353,1217
-5353,1218
-5353,1219
-5353,1220
-5353,1221
-5353,1222
-5353,1223
-5353,1224
-5353,1225
-5352,1217
-5352,1218
-5352,1219
-5352,1220
-5352,1221
-5352,1222
-5352,1223
-5352,1224
-5352,1225
-5351,1217
-5351,1218
-5351,1219
-5351,1220
-5351,1221
-5351,1222
-5351,1223
-5351,1224
-5351,1225
-5350,1217
-5350,1218
-5350,1219
-5350,1220
-5350,1221
-5350,1222
-5350,1223
-5350,1224
-5350,1225
-5349,1218
-5349,1219
-5349,1220
-5349,1221
-5349,1222
-5349,1223
-5349,1224
-5348,1218
-5348,1219
-5348,1220
-5348,1221
-5348,1222
-5348,1223
-5348,1224
-5347,1218
-5347,1219
-5347,1220
-5347,1221
-5347,1222
-5347,1223
-5347,1224
-5346,1218
-5346,1219
-5346,1220
-5346,1221
-5346,1222
-5346,1223
-5346,1224
-5345,1218
-5345,1219
-5345,1220
-5345,1221
-5345,1222
-5345,1223
-5345,1224
-5344,1218
-5344,1219
-5344,1220
-5344,1221
-5344,1222
-5344,1223
-5344,1224
-5343,1218
-5343,1219
-5343,1220
-5343,1221
-5343,1222
-5343,1223
-5343,1224
-5342,1218
-5342,1219
-5342,1220
-5342,1221
-5342,1222
-5342,1223
-5342,1224
-5341,1218
-5341,1219
-5341,1220
-5341,1221
-5341,1222
-5341,1223
-5341,1224
-5340,1218
-5340,1219
-5340,1220
-5340,1221
-5340,1222
-5340,1223
-5340,1224
-5339,1218
-5339,1219
-5339,1220
-5339,1221
-5339,1222
-5339,1223
-5339,1224
-5338,1218
-5338,1219
-5338,1220
-5338,1221
-5338,1222
-5338,1223
-5338,1224
-5337,1218
-5337,1219
-5337,1220
-5337,1221
-5337,1222
-5337,1223
-5337,1224
-5336,1218
-5336,1219
-5336,1220
-5336,1221
-5336,1222
-5336,1223
-5336,1224
-5335,1219
-5335,1220
-5335,1221
-5335,1222
-5335,1223
-5335,1224
-5334,1219
-5334,1220
-5334,1221
-5334,1222
-5334,1223
-5334,1224
-5333,1219
-5333,1220
-5333,1221
-5333,1222
-5333,1223
-5333,1224
-5332,1219
-5332,1220
-5332,1221
-5332,1222
-5332,1223
-5332,1224
-5331,1219
-5331,1220
-5331,1221
-5331,1222
-5331,1223
-5331,1224
-5330,1219
-5330,1220
-5330,1221
-5330,1222
-5330,1223
-5329,1219
-5329,1220
-5329,1221
-5329,1222
-5329,1223
-5328,1219
-5328,1220
-5328,1221
-5328,1222
-5328,1223
-5327,1220
-5327,1221
-5327,1222
-5327,1223
-5326,1220
-5326,1221
-5326,1222
-5326,1223
-5325,1220
-5325,1221
-5325,1222
-5325,1223
-5324,1220
-5324,1221
-5324,1222
-5324,1223
-5323,1220
-5323,1221
-5323,1222
-5323,1223
-5322,1220
-5322,1221
-5322,1222
-5322,1223
-5321,1220
-5321,1221
-5321,1222
-5321,1223
-5320,1220
-5320,1221
-5320,1222
-5320,1223
-5319,1220
-5319,1221
-5319,1222
-5319,1223
-5318,1220
-5318,1221
-5318,1222
-5318,1223
-5317,1220
-5317,1221
-5317,1222
-5317,1223
-5316,1220
-5316,1221
-5316,1222
-5316,1223
-5315,1220
-5315,1221
-5315,1222
-5314,1220
-5314,1221
-5314,1222
-5313,1221
-5313,1222
-5312,1221
-5312,1222
-5311,1221
-5311,1222
-5310,1221
-5310,1222
-5309,1221
-5309,1222
-5308,1221
-5308,1222
-5307,1221
-5307,1222
-5306,1221
-5306,1222
-5305,1222
-5304,1222
-5303,1222
-5302,1222
-5301,1222
-5300,1222
-5299,1222
-5298,1222
-5297,1222